10110000011011011100110000010000001100101101101010010000110100001100100010001100
10101011010101010001001000101000010010000011010110001111101100001001010101111011
01100111111110100101011010001101011110000001111011011110001001011101011000011110
11111101101101000100110101000000110100111000000101111110011011001011000000011000
00011001011111111110101111111011101000101110111010000100111101001000101000101100
11010100000010111011001111100000101000011001001110001101101100110010011110100100
11010110111101000100111110111010110010001000111000011110100101101111001100110000
10100000111011110001011001100000010110001001100111011110110001100011100110011111
10001101111100011011100101101101110010000100011111001010000101010111000000100110
11011011010000010011111110001110111000001101001001111011110111000011110000101011
10010001011001010000001101110101011110110100010000100100000011001001011101100000
10010000110110100011111011010101010101001110100100010010110110111011101000101011
00000000100011001001010001100100110110001101000110100001101011010011011011100100
01101010111010100101011101110110010011000111110011000000100101011101010011110001
11111101101110101011010101011101100101010100110100010101111111001010011110111101
01101110111111100101110001001011111001001010111000000100001010101101000000000111
10010010011000000101101001001000011110101011011001011000001111001110110001001010
10000111111111000011100101001010001011011011101110101101011001110110110000000011
00000110100100000101010111110000100000010100111111001010111110110000001110111001
01111111000100111010010001101100010000100110100111110000010111111111100000000101
10000100000000101110111111111011000111011010101101000110011011110110000011110011
01011100100010011011101011000101001000101000000000110110111010001001000110110011
11000001010001111101110111101101000101010110000001010110000111110000111011010110
10100101010001100100110110000110100001101000010100010001000111100000011111111100
00010111011101110011000110100101100110000101000011100111001101001111100010000001
00101101010000011110110100110100010000101111001001011011110110100100111010101001
00111011111010001001100100011000000101100110100000001000101011011001010001110001
10111001111100000101000100011110001010100111011011010101000110110000101110100001
00101000001001011010010011001111110010010101000011100000100011110010101010011001
00001010101110011011001101011011100110010110100001110110110111111001000000110110
11011111000011111101101000111010001101101001011001111000001011001011010110101100
01011011100100011111111000010011110111001110011101011101100100001001101111010011
10100011100011111100110010110001000111000101111010000110101110111001001011110100
11011110010010111010101000000001011110011011011111111011111001110010101000101111
00000010111010001010000001110111010000011000000011010111000000001011010111001101
01100000110100011110010111111011101111111111101000001000111111011110100000110000
00011101011000111111000010011111101100111010010110010010001110000100000011101110
00101000010111000000010110111010010110001001000011111110111011101001010100101110
00001101100111111100000111100111100111010000011011100010010000110011111001110111
10111111010100010000000100011000101010111101011001111000101001001001000011111010
11000100001000100000111101000111100110011111100110001101010000111101111101100101
00111001100010101000001011011011011000110100000001001011000101010111110010111000
00000100111110011010001001111111010111001110111110100110101111110000100110011101
01001100010100000010101111001011010010110010111111110001001111010100000011110100
10101011011010111001010111110110000010101110000001000101010010101010001111001110
10101100001111100101111111100100110010010110111011001001110000011101011001001111
11101110011010110111111010011000110001101101101001111110101110101100000001001101
11110100111101101110010011011011001111010110010001110001001101011010111000110000
10010111011101100100001011101011100101111100101001101011000111101111010010001111
11100101110101001001010101100000011011001011010001001101111110011100110011000001
11111101000010001101110111011001101000111000010011100000000000011010010110101000
01001100011011000011100010101010000110100110010110000000010100100100100000101011
01011100110001100101111011110101010000111101101011110111000100100111101101100010
00100010111010010011010011010101000011100110101011101000010001101110100001000011
10100110000110101101101111110001010010001111111111111010000000010110101010111101
00111100000100100101100011110101010101001011110010110100100111101010101111011010
10100010111001011100000001110111000011100110101100010111110000101001101000100001
11011011011101111001010011101111100101110110001111001011000111001010010100010000
11101101100110001001000100000110000110100001000011010101101100011101000110011100
10010111111110101001000111001011011010110001011001010111011110011100001011001001
11000001101001110000101010011011101010010001010101010111111000011010000100101101
10000010101111101011111100011001110000110111001110000110011111110101110100101110
10110010001000010001101101100110101101001001001010110111000010000000100100000100
11101101110010110011100101101000101011011100110100101100101001010110100010000100
01000010000001001101011011110001011100001001010011001001110110000011110110011001
10010000010010001011001101110111101010101010010000011000101110010010101001100010
11001100001011011101111111110110010001111011111101011110011011011101000110101110
11110110110001000010100010000100011100001000001000010001000000001010110101000010
10100000000110111000101110110011101101100100110100001011011110110111001000100011
11011011110101000001000000100100000000011001101111010100001101100111110001000010
01001000101111101111111101100011100010101000000010010001100000010110000010110100
11000111011000001011100110011100110111010001111001110100111010011111101001001110
00001111101001001100110110011001111001000001001110111010011110110011111000011011
00011011101100000011001011110110001000101001110001111001111101000111010000010000
01010011110001011011101111010000111010110011100110001100100111000000001010100001
10010011000000110101100011100001101011100100011111100000011010111110100011000010
10110111010001111101111110111111011100110010110000100001010010100101000011101111
11110010000111110101101100111010100100111010001011010000100000110010010101111001
01111011110011011111100010101011111101101000011000001110100110100010010000110010
11101001101101001010111101100110101101101100001101111011010111000100111000101000
10001111000011101100001101001111001001000100100010100001000101000000001110110100
10011111010110111111101011010101100100001010101001000010111011110111101111000100
11000010100010001110111001111011000101000010000011110101001110111001001000011101
11100010111111011100111001001101001011010101101000111010100001010000100111100000
01110101111010011000000001101111110010110011110000000000000011011011100001010110
00101011000000111011100011100111101111000101010110100010000100101110011111101101
00100110100101010000100010101111110111110000010100101110011010010011011000101101
10101000101011000111100111111010101000110111100001101101010110010110111101101101
01011110101000101010111101011111101010100100001000101000010010101101111100101011
11001111110111111010000001001001110011000111110001000010111111110011011010111001
00011010000101000011101100100011101001011011111101111100011110010110011000100111
01111010011010100010100001000010000001111110011101101011000100000100101101000101
11111001000010100110110001011010100110110010001010000111110110010011111100010010
10110000011000011010010100101111101001111010101101101010101000010001000100011011
01001100001111000110111101100110100101111101100111111111111111011000010100100111
10111011101110001110000101111110011111011100001001111001111111010111100000101001
10011011111010101110010000110010101101111010111001101011110011000001010001110010
10000000111101101011011011001000000001101001111100001010111000110010010000001011
00011111100011110001000111111110010000100110001100000001011101111110000010010001
01110100010100011111001100001010101101001010011101100101111101100000110101001110
11101000010011010011111011111101100001101010101010000000011010111000100000110000
01101001000011011101001110011110010111000111000000010011001001101011000111111011
00110100100110011100100001100100010010010000000101101110111010001110010110001101
11001000011001001001011000010011100110100101000010001011111010100101100100001011
10110001011110000111001010100110100110011100100100000001010100101110100010010001
11000110100010010100101111100110010110101000110001111000100001000110110001110010
10110011011001011000000101010011011110110110111100100111110011011110000011011001
10100101001001010000011010111001111111100110010010100010100101001010001100101011
10010001011111000001100000111100100111010100001111010101010000110100100010000110
01010011111011010111100000011011111101000010101011011101010000000100111110010010
01110101010110001111011001110110110001101111110111010110010000111010111110101100
10110010110111101000111011101001000101001111010111111101011100000101100110110001
11010000000001100100010100011000110010001110010010010110111100101010101001001111
01001001111100010001111011011100001110001001100000011101111101011000011110111000
01100011000010011010011010110010100000100010000110101001001010000001010011101000
01110101001100100110101001001110101010110101110111001101111100111011000001001111
10010100000111011001001110010110110010010010010110001010000011011101011010001000
00110101010000100010010001100001101001011101001010011101111110101100100000110100
11010011000011010100110010100011011011111110001000001000101111100110101001101011
01111100101001011000001000001010110101101000111111101010001110000000101000100001
01111110101111101110100001111011001011110101110110101100001001111000101001110001
00100101011100101101011111000010110100101011100111011010100100101011011000100101
10011001000101110111101110100011110100010100010001011100110001100011101101110110
01001010100011111111010011000001011000101111001000001011001011101111010101100010
00111011001001100010111001010100001110111110110011000001010101110001010111010000
00000101010110110010000111000100010101101100110110101000000110011001101110101000
00101011001110100000101101101101100110100011000001000100101110111100010000011010
11001110101101000111011111110111000101110011000000111011111110011000010101101010
01000110001001000101011001011100010111100001000101110001101110001111010011001110
01000011110000000101011010101110011101110110011110000001100110000010011000010011
10001110101000100111101101101101011001111100100000011000101111101100001000000010
11110010000110101110001011011000111101111011010100100001101110011101001000011000
01111010001000010111011011000111000101001011000110000010010000101011100011000000
11100110100001101110000000001101000110001110110010110100001100001101010011001100
00101100010110001000101010001000100010101010100001001010000000001101110000101011
00110011110111011011011111111110100111100000111011011110101010010000100110110111
01101011110101011110111000010001001111111111110110101111000101101100000111011110
11000111100001001010101111101100101100000111110011101100011101101011011000101100
00101011110000011111000000001100100000001001101000000110100111101111110010000100
00011100101000000010001101100011011100111000100011100000001101000111111101001100
10011110001010000101111001011101011001110101101011111011010001100010101010100101
10000101000101100011011101011100110010111111011100110101000100110110000101100000
01111110010101011110110001101100111011000011111100101010111001101000001111110100
11000110001101010111100111111011111111001000111110111100110011110100000001001111
10001111111000100111111111111011100100000001001000011100111010010011011101100011
10100010101010111111100011100011101110100111101111010000010010100100100011101000
11011011000111100000000001111010110100011101100001000111101110110110001011101111
01010000011100101011100101100001011010111011010001010010111001110011001111011111
10101000000001110110100111101010111100000100011101111011101101101110001001101100
01101010010011100101001001100000111100111011000100000101000110101101101011100111
10111111011001010010111010101111000101010111011110001000000011011110000110011100
00110010000111010011111111010001010101101100100010110000111010111100010000101001
00010011001010001111011111111000010000001101000100101100001001100001101000010101
10110111111011011100010100011110000010011100001100010111011111000101111011100101
11000010010011010000100101011011100011010011000111000111110011100111001101001011
01110111111001101111010110100000011001001101100110100100100000111000010010000000
01101110011110111010011010111110000101101000111000100111011000010010011111000011
10111101110101000011111011101110011110101011101011101000011100011000110001100000
01110011000101111000001111111000001000110001110111001111111111101000011110011110
10111000001111101000110110100001001100101001010001000101001111011110111111100100
11110110001010011010011011111011100011000110100001011111110010111011100110111101
00011000110100001111101010001100010000100100000111101001010110110110000000011010
11100010010100101100000110110001010000001101101111011011101001010101000000001110
10110010011000011101000100110110010011011100001110111011000010101011110111101000
01100100001101000111100100001011110111010111010001111011000001010001010110000010
00100101011010111101011000000000001100000001011111111111101111101010100010000000
00100011010001111011001001101111100000000011011100110001110101111010100111010000
01011011110001011001000010110001111001111100100101110100010011100001010011000000
10110001011000111000011110011011100101000010000100000010110000000011110011100000
00010101010000110000110111100000101111111111000100110011001110111110111100101000
00110111001011111000100111110100000110110100101001000101111010110001111110111111
00011011010111110000100101110000000010000101001000001001101110011001001101000011
11011110101110110011101000000001100000010001010101111111011110000011010011000011
00100101100001001001011101010001011010111100001100000111111101111101110101111000
10110000001010100000010100100001010000101001001100011100101111010100110001111111
01010101101001011001000000100111110110100111011000010101101100110111000000001010
01101100000010000000111010100011101111100011110010111011011011011110101111101011
11101011101111000101000111111110101001010101111110110100101011110010110000101000
01111100010010101011101011100000111111101001000101010101001101100111001001000101
10001010000100010110111101110010111001101000111011100101000011001010111000001110
11001010110101000100101111000010011000101000111101001011011010001110111101110000
01001110001111000101001010000011011111111011101110001101100111100111010101110110
01110001000101100000001110101001110101101011000000101001001101111100101000101010
00101000100001101110001101100110111000001011000011110100000011111100010101111010
11111000010011000100011101111101011100111011100110100001010110011100000101010010
10000110111010101000110010011111111000110000001100100101000100001100000111001000
00111111110100000101101101011011001000100101111111001101100001011110100101110010
11101111111000010000111000111110110100001101111110101000000001110111000000011010
01111101000001001111000100100110111000110001100011110101111110111110111011000000
01011000010010001111110001101001011001001100010110010101110110000010101010100100
00001101001111100001101101101001010111110110100110100111011100111100100110110011
01100000010100100011001001100001110100100000100000011111001110110010010000101011
01101000111011101010000100111111001101010001110111000001011111001100001101110110
00011010001111110111111110010111111101011001111000001011110111001110010000101110
10000010111110001111101101000011111000001101011010010000100100101011011010000110
10101000011100001111001111011110101001111011000101001111000001011111011000100011
11010001010110010011100101110101101111100110000111010110011111011101110111100010
01101111100011010001010111011100000101101001100100110010100011100110010111101101
00110011101111011101011101001000101111010010001000001111100010100111001000111011
00000100001011001010010001110011101111100101101011010011000001111001011000110101
11000101101000100011101101010001000100110000110010111110111100010110110011001101
10000110101000110010011100010110100101010101000001111010111000110000000100110101
10001011101100001100111011010101111010111100000100000000101111010000101001111101
11000011100010110100011101100101111101011101111101011011111010100010111011100101
11110111100000011110001110001101100100111111001001010100000011111011101010001011
00001100000010110010110001001101100111011010001010001100001100111100000100011001
01100000111000010110110001101000010110010100000111101101110011001110111111101011
11011001110101011011111101000111101110011111101001010011000011010010100011110001
11101010110101000101000101000010111111001010111110111000100111100111110100111100
00011101100010010010000011000000101001011110010000010000000111100001001011001010
11111010010111111011010000001110000101010111011010110010000101001000111100100100
11110100100111001011110001001110111000110011010101111000100010101101101101010111
00110101110001100101110001100010111011101010000111010000100110100000011001110010
00011100111110011000101001000101010110011010100010100110010000010010110111111000
00111110101111101011000001010110111100111100100001000000001001011111000110110001
00110111010101101101001001001001110010011111011111111000111010110011011110011000
01000100011010110000001101101101111001110001111000100111111110011001010000000000
00101111011011101101010010101011000110111111100011110111001010000101101110100111
10011111000110101101101100001111000100100101111110011110000100011111101000000000
00100000100111110101011010111101010101100001011011010010100100111011110100111010
10101110000100011111000001111010110011001001000001100100100000001011100110000100
00100010011001010101100110000111110100010001001000101000000000000010010011100101
10111110010000011000000100110001111000010000001010111111111001010101110010101100
11000011000011110110111101101101100000011111110011110011110101101001010111011010
11111100110000001001100000111000101010111110101101011100011001100011101111110010
11110111010010101001010010000001100001101110100010110101010010001001011100100100
10000100011010010101100111100111010001001011010110110011010000111001101100100110
00010001100011001010111000100110110011111000011000010010110111100111001100010111
11111011011111010111010110110011101110111011001111011000101010110001010001101000
10001111100100111011110000110100100010010001011101101011110110010010100011111100
01100101011001000110001001101000010101100011111100101001001011001000010111001001
11011100011000000011001001010111100100000001000110111011101011110101100010000111
01000000111010010110111001110111110010100010001001001101110010110001100000011101
10001011010001000011110111010010111000100110110100001101100010101001100100111010
01111010101110001000101001011010111001000010000110100000000001101110110000000010
01100100101000111011101010111001010101100001000100000000110000100101001111000011
01011010111101111100100111011010000101011110000011000111010110010111110111100110
11101111110011110011001111100100101111101010111001011101110011001011100000001010
11110100011111001011000101010111011010100111100100100100100111000100101001010010
10111100001110110101001101101111001111100110011000101011010001111010101011000001
11000010001111101011010101011111001100101011110111110100001001001011010011001000
01101010000011000100010101010101001101001110110111001100001010101100101011000001
10001111011000010100010110011000101010000001011100101001101110000111011100010101
01000011111111100010101111111111011011001101111010011100011110110110100001000011
11001010111001100000110111111010011110001110011100101111001001000100111100000011
00111000001111111001001100110000111010001000000111101100100101110011010100000001
00010100111011100011010011111100001001100100110100001000010110100000101001101000
00101010100010100100011000101010110001101000000010000001000111010111001001111000
01000110000001100001101100111011111000001010100000000110000110010110010011000100
10100010010100111101101100111010011100101000001011100111011000001111101100101010
